[gd_scene load_steps=2 format=2]

[ext_resource path="res://prefab/crate/crate_4.tscn" type="PackedScene" id=1]


[node name="Crate4Pile2" type="Spatial"]

[node name="Crate4" parent="." instance=ExtResource( 1 )]
transform = Transform( 1, 0, 0, 0, 1, 0, 0, 0, 1, -2, 0, -1 )

[node name="Crate4_2" parent="." instance=ExtResource( 1 )]
transform = Transform( 1, 0, 0, 0, 1, 0, 0, 0, 1, -1, 0, -1 )

[node name="Crate4_3" parent="." instance=ExtResource( 1 )]
transform = Transform( 1, 0, 0, 0, 1, 0, 0, 0, 1, 0, 0, -1 )

[node name="Crate4_4" parent="." instance=ExtResource( 1 )]
transform = Transform( 1, 0, 0, 0, 1, 0, 0, 0, 1, 1, 0, -1 )

[node name="Crate4_5" parent="." instance=ExtResource( 1 )]
transform = Transform( 1, 0, 0, 0, 1, 0, 0, 0, 1, 2, 0, -1 )

[node name="Crate4_6" parent="." instance=ExtResource( 1 )]
transform = Transform( 1, 0, 0, 0, 1, 0, 0, 0, 1, -2, 0, 0 )

[node name="Crate4_7" parent="." instance=ExtResource( 1 )]
transform = Transform( 1, 0, 0, 0, 1, 0, 0, 0, 1, -1, 0, 0 )

[node name="Crate4_8" parent="." instance=ExtResource( 1 )]

[node name="Crate4_9" parent="." instance=ExtResource( 1 )]
transform = Transform( 1, 0, 0, 0, 1, 0, 0, 0, 1, 1, 0, 0 )

[node name="Crate4_10" parent="." instance=ExtResource( 1 )]
transform = Transform( 1, 0, 0, 0, 1, 0, 0, 0, 1, 2, 0, 0 )

[node name="Crate4_11" parent="." instance=ExtResource( 1 )]
transform = Transform( 1, 0, 0, 0, 1, 0, 0, 0, 1, -2, 0, 1 )

[node name="Crate4_12" parent="." instance=ExtResource( 1 )]
transform = Transform( 1, 0, 0, 0, 1, 0, 0, 0, 1, -1, 0, 1 )

[node name="Crate4_13" parent="." instance=ExtResource( 1 )]
transform = Transform( 1, 0, 0, 0, 1, 0, 0, 0, 1, 0, 0, 1 )

[node name="Crate4_14" parent="." instance=ExtResource( 1 )]
transform = Transform( 1, 0, 0, 0, 1, 0, 0, 0, 1, 1, 0, 1 )

[node name="Crate4_15" parent="." instance=ExtResource( 1 )]
transform = Transform( 1, 0, 0, 0, 1, 0, 0, 0, 1, 2, 0, 1 )

[node name="Crate4_16" parent="." instance=ExtResource( 1 )]
transform = Transform( 0.906308, 0, 0.422618, 0, 1, 0, -0.422618, 0, 0.906308, -1.7, 1, 0.4 )

[node name="Crate4_17" parent="." instance=ExtResource( 1 )]
transform = Transform( 0.642788, 0, -0.766044, 0, 1, 0, 0.766044, 0, 0.642788, -0.497, 1, -0.3 )

[node name="Crate4_18" parent="." instance=ExtResource( 1 )]
transform = Transform( 0.422618, 0, 0.906308, 0, 1, 0, -0.906308, 0, 0.422618, 0.7, 1, 0.5 )

[node name="Crate4_19" parent="." instance=ExtResource( 1 )]
transform = Transform( 0.258819, 0, -0.965926, 0, 1, 0, 0.965926, 0, 0.258819, 1.75, 1, -0.5 )
